member_name,strategy_type,priority,query,url
坂本　けんいち,direct_search,high,"""坂本　けんいち"" 市議 -RT",https://x.com/search?q=%22%E5%9D%82%E6%9C%AC%E3%80%80%E3%81%91%E3%82%93%E3%81%84%E3%81%A1%22%20%E5%B8%82%E8%AD%B0%20-RT&f=user
坂本　けんいち,direct_search,high,"""坂本　けんいち"" 府中市 議員",https://x.com/search?q=%22%E5%9D%82%E6%9C%AC%E3%80%80%E3%81%91%E3%82%93%E3%81%84%E3%81%A1%22%20%E5%BA%9C%E4%B8%AD%E5%B8%82%20%E8%AD%B0%E5%93%A1&f=user
坂本　けんいち,direct_search,high,坂本けんいち プロフィール 市議,https://x.com/search?q=%E5%9D%82%E6%9C%AC%E3%81%91%E3%82%93%E3%81%84%E3%81%A1%20%E3%83%97%E3%83%AD%E3%83%95%E3%82%A3%E3%83%BC%E3%83%AB%20%E5%B8%82%E8%AD%B0&f=user
坂本　けんいち,party_search,medium,公明府中 府中市 坂本,https://x.com/search?q=%E5%85%AC%E6%98%8E%E5%BA%9C%E4%B8%AD%20%E5%BA%9C%E4%B8%AD%E5%B8%82%20%E5%9D%82%E6%9C%AC&f=user
坂本　けんいち,party_search,medium,"""公明府中"" メンバー 坂本　けんいち",https://x.com/search?q=%22%E5%85%AC%E6%98%8E%E5%BA%9C%E4%B8%AD%22%20%E3%83%A1%E3%83%B3%E3%83%90%E3%83%BC%20%E5%9D%82%E6%9C%AC%E3%80%80%E3%81%91%E3%82%93%E3%81%84%E3%81%A1&f=user
坂本　けんいち,election_search,low,坂本　けんいち 当選 府中市,https://x.com/search?q=%E5%9D%82%E6%9C%AC%E3%80%80%E3%81%91%E3%82%93%E3%81%84%E3%81%A1%20%E5%BD%93%E9%81%B8%20%E5%BA%9C%E4%B8%AD%E5%B8%82&f=user
坂本　けんいち,election_search,low,#府中市選挙 坂本　けんいち,https://x.com/search?q=%23%E5%BA%9C%E4%B8%AD%E5%B8%82%E9%81%B8%E6%8C%99%20%E5%9D%82%E6%9C%AC%E3%80%80%E3%81%91%E3%82%93%E3%81%84%E3%81%A1&f=user
坂本　けんいち,election_search,low,坂本　けんいち 選挙ポスター,https://x.com/search?q=%E5%9D%82%E6%9C%AC%E3%80%80%E3%81%91%E3%82%93%E3%81%84%E3%81%A1%20%E9%81%B8%E6%8C%99%E3%83%9D%E3%82%B9%E3%82%BF%E3%83%BC&f=user
奥村　さち子,direct_search,high,"""奥村　さち子"" 市議 -RT",https://x.com/search?q=%22%E5%A5%A5%E6%9D%91%E3%80%80%E3%81%95%E3%81%A1%E5%AD%90%22%20%E5%B8%82%E8%AD%B0%20-RT&f=user
奥村　さち子,direct_search,high,"""奥村　さち子"" 府中市 議員",https://x.com/search?q=%22%E5%A5%A5%E6%9D%91%E3%80%80%E3%81%95%E3%81%A1%E5%AD%90%22%20%E5%BA%9C%E4%B8%AD%E5%B8%82%20%E8%AD%B0%E5%93%A1&f=user
奥村　さち子,direct_search,high,奥村さち子 プロフィール 市議,https://x.com/search?q=%E5%A5%A5%E6%9D%91%E3%81%95%E3%81%A1%E5%AD%90%20%E3%83%97%E3%83%AD%E3%83%95%E3%82%A3%E3%83%BC%E3%83%AB%20%E5%B8%82%E8%AD%B0&f=user
奥村　さち子,party_search,medium,生活者ネットワーク 府中市 奥村,https://x.com/search?q=%E7%94%9F%E6%B4%BB%E8%80%85%E3%83%8D%E3%83%83%E3%83%88%E3%83%AF%E3%83%BC%E3%82%AF%20%E5%BA%9C%E4%B8%AD%E5%B8%82%20%E5%A5%A5%E6%9D%91&f=user
奥村　さち子,party_search,medium,"""生活者ネットワーク"" メンバー 奥村　さち子",https://x.com/search?q=%22%E7%94%9F%E6%B4%BB%E8%80%85%E3%83%8D%E3%83%83%E3%83%88%E3%83%AF%E3%83%BC%E3%82%AF%22%20%E3%83%A1%E3%83%B3%E3%83%90%E3%83%BC%20%E5%A5%A5%E6%9D%91%E3%80%80%E3%81%95%E3%81%A1%E5%AD%90&f=user
奥村　さち子,election_search,low,奥村　さち子 当選 府中市,https://x.com/search?q=%E5%A5%A5%E6%9D%91%E3%80%80%E3%81%95%E3%81%A1%E5%AD%90%20%E5%BD%93%E9%81%B8%20%E5%BA%9C%E4%B8%AD%E5%B8%82&f=user
奥村　さち子,election_search,low,#府中市選挙 奥村　さち子,https://x.com/search?q=%23%E5%BA%9C%E4%B8%AD%E5%B8%82%E9%81%B8%E6%8C%99%20%E5%A5%A5%E6%9D%91%E3%80%80%E3%81%95%E3%81%A1%E5%AD%90&f=user
奥村　さち子,election_search,low,奥村　さち子 選挙ポスター,https://x.com/search?q=%E5%A5%A5%E6%9D%91%E3%80%80%E3%81%95%E3%81%A1%E5%AD%90%20%E9%81%B8%E6%8C%99%E3%83%9D%E3%82%B9%E3%82%BF%E3%83%BC&f=user
宮田　よしひと,direct_search,high,"""宮田　よしひと"" 市議 -RT",https://x.com/search?q=%22%E5%AE%AE%E7%94%B0%E3%80%80%E3%82%88%E3%81%97%E3%81%B2%E3%81%A8%22%20%E5%B8%82%E8%AD%B0%20-RT&f=user
宮田　よしひと,direct_search,high,"""宮田　よしひと"" 府中市 議員",https://x.com/search?q=%22%E5%AE%AE%E7%94%B0%E3%80%80%E3%82%88%E3%81%97%E3%81%B2%E3%81%A8%22%20%E5%BA%9C%E4%B8%AD%E5%B8%82%20%E8%AD%B0%E5%93%A1&f=user
宮田　よしひと,direct_search,high,宮田よしひと プロフィール 市議,https://x.com/search?q=%E5%AE%AE%E7%94%B0%E3%82%88%E3%81%97%E3%81%B2%E3%81%A8%20%E3%83%97%E3%83%AD%E3%83%95%E3%82%A3%E3%83%BC%E3%83%AB%20%E5%B8%82%E8%AD%B0&f=user
宮田　よしひと,party_search,medium,府中市議会市政会 府中市 宮田,https://x.com/search?q=%E5%BA%9C%E4%B8%AD%E5%B8%82%E8%AD%B0%E4%BC%9A%E5%B8%82%E6%94%BF%E4%BC%9A%20%E5%BA%9C%E4%B8%AD%E5%B8%82%20%E5%AE%AE%E7%94%B0&f=user
宮田　よしひと,party_search,medium,"""府中市議会市政会"" メンバー 宮田　よしひと",https://x.com/search?q=%22%E5%BA%9C%E4%B8%AD%E5%B8%82%E8%AD%B0%E4%BC%9A%E5%B8%82%E6%94%BF%E4%BC%9A%22%20%E3%83%A1%E3%83%B3%E3%83%90%E3%83%BC%20%E5%AE%AE%E7%94%B0%E3%80%80%E3%82%88%E3%81%97%E3%81%B2%E3%81%A8&f=user
宮田　よしひと,election_search,low,宮田　よしひと 当選 府中市,https://x.com/search?q=%E5%AE%AE%E7%94%B0%E3%80%80%E3%82%88%E3%81%97%E3%81%B2%E3%81%A8%20%E5%BD%93%E9%81%B8%20%E5%BA%9C%E4%B8%AD%E5%B8%82&f=user
宮田　よしひと,election_search,low,#府中市選挙 宮田　よしひと,https://x.com/search?q=%23%E5%BA%9C%E4%B8%AD%E5%B8%82%E9%81%B8%E6%8C%99%20%E5%AE%AE%E7%94%B0%E3%80%80%E3%82%88%E3%81%97%E3%81%B2%E3%81%A8&f=user
宮田　よしひと,election_search,low,宮田　よしひと 選挙ポスター,https://x.com/search?q=%E5%AE%AE%E7%94%B0%E3%80%80%E3%82%88%E3%81%97%E3%81%B2%E3%81%A8%20%E9%81%B8%E6%8C%99%E3%83%9D%E3%82%B9%E3%82%BF%E3%83%BC&f=user
大室　はじめ,direct_search,high,"""大室　はじめ"" 市議 -RT",https://x.com/search?q=%22%E5%A4%A7%E5%AE%A4%E3%80%80%E3%81%AF%E3%81%98%E3%82%81%22%20%E5%B8%82%E8%AD%B0%20-RT&f=user
大室　はじめ,direct_search,high,"""大室　はじめ"" 府中市 議員",https://x.com/search?q=%22%E5%A4%A7%E5%AE%A4%E3%80%80%E3%81%AF%E3%81%98%E3%82%81%22%20%E5%BA%9C%E4%B8%AD%E5%B8%82%20%E8%AD%B0%E5%93%A1&f=user
大室　はじめ,direct_search,high,大室はじめ プロフィール 市議,https://x.com/search?q=%E5%A4%A7%E5%AE%A4%E3%81%AF%E3%81%98%E3%82%81%20%E3%83%97%E3%83%AD%E3%83%95%E3%82%A3%E3%83%BC%E3%83%AB%20%E5%B8%82%E8%AD%B0&f=user
大室　はじめ,party_search,medium,府中市議会市政会 府中市 大室,https://x.com/search?q=%E5%BA%9C%E4%B8%AD%E5%B8%82%E8%AD%B0%E4%BC%9A%E5%B8%82%E6%94%BF%E4%BC%9A%20%E5%BA%9C%E4%B8%AD%E5%B8%82%20%E5%A4%A7%E5%AE%A4&f=user
大室　はじめ,party_search,medium,"""府中市議会市政会"" メンバー 大室　はじめ",https://x.com/search?q=%22%E5%BA%9C%E4%B8%AD%E5%B8%82%E8%AD%B0%E4%BC%9A%E5%B8%82%E6%94%BF%E4%BC%9A%22%20%E3%83%A1%E3%83%B3%E3%83%90%E3%83%BC%20%E5%A4%A7%E5%AE%A4%E3%80%80%E3%81%AF%E3%81%98%E3%82%81&f=user
大室　はじめ,election_search,low,大室　はじめ 当選 府中市,https://x.com/search?q=%E5%A4%A7%E5%AE%A4%E3%80%80%E3%81%AF%E3%81%98%E3%82%81%20%E5%BD%93%E9%81%B8%20%E5%BA%9C%E4%B8%AD%E5%B8%82&f=user
大室　はじめ,election_search,low,#府中市選挙 大室　はじめ,https://x.com/search?q=%23%E5%BA%9C%E4%B8%AD%E5%B8%82%E9%81%B8%E6%8C%99%20%E5%A4%A7%E5%AE%A4%E3%80%80%E3%81%AF%E3%81%98%E3%82%81&f=user
大室　はじめ,election_search,low,大室　はじめ 選挙ポスター,https://x.com/search?q=%E5%A4%A7%E5%AE%A4%E3%80%80%E3%81%AF%E3%81%98%E3%82%81%20%E9%81%B8%E6%8C%99%E3%83%9D%E3%82%B9%E3%82%BF%E3%83%BC&f=user
西の　なおみ,direct_search,high,"""西の　なおみ"" 市議 -RT",https://x.com/search?q=%22%E8%A5%BF%E3%81%AE%E3%80%80%E3%81%AA%E3%81%8A%E3%81%BF%22%20%E5%B8%82%E8%AD%B0%20-RT&f=user
西の　なおみ,direct_search,high,"""西の　なおみ"" 府中市 議員",https://x.com/search?q=%22%E8%A5%BF%E3%81%AE%E3%80%80%E3%81%AA%E3%81%8A%E3%81%BF%22%20%E5%BA%9C%E4%B8%AD%E5%B8%82%20%E8%AD%B0%E5%93%A1&f=user
西の　なおみ,direct_search,high,西のなおみ プロフィール 市議,https://x.com/search?q=%E8%A5%BF%E3%81%AE%E3%81%AA%E3%81%8A%E3%81%BF%20%E3%83%97%E3%83%AD%E3%83%95%E3%82%A3%E3%83%BC%E3%83%AB%20%E5%B8%82%E8%AD%B0&f=user
西の　なおみ,election_search,low,西の　なおみ 当選 府中市,https://x.com/search?q=%E8%A5%BF%E3%81%AE%E3%80%80%E3%81%AA%E3%81%8A%E3%81%BF%20%E5%BD%93%E9%81%B8%20%E5%BA%9C%E4%B8%AD%E5%B8%82&f=user
西の　なおみ,election_search,low,#府中市選挙 西の　なおみ,https://x.com/search?q=%23%E5%BA%9C%E4%B8%AD%E5%B8%82%E9%81%B8%E6%8C%99%20%E8%A5%BF%E3%81%AE%E3%80%80%E3%81%AA%E3%81%8A%E3%81%BF&f=user
西の　なおみ,election_search,low,西の　なおみ 選挙ポスター,https://x.com/search?q=%E8%A5%BF%E3%81%AE%E3%80%80%E3%81%AA%E3%81%8A%E3%81%BF%20%E9%81%B8%E6%8C%99%E3%83%9D%E3%82%B9%E3%82%BF%E3%83%BC&f=user
山本　真実,direct_search,high,"""山本　真実"" 市議 -RT",https://x.com/search?q=%22%E5%B1%B1%E6%9C%AC%E3%80%80%E7%9C%9F%E5%AE%9F%22%20%E5%B8%82%E8%AD%B0%20-RT&f=user
山本　真実,direct_search,high,"""山本　真実"" 府中市 議員",https://x.com/search?q=%22%E5%B1%B1%E6%9C%AC%E3%80%80%E7%9C%9F%E5%AE%9F%22%20%E5%BA%9C%E4%B8%AD%E5%B8%82%20%E8%AD%B0%E5%93%A1&f=user
山本　真実,direct_search,high,山本真実 プロフィール 市議,https://x.com/search?q=%E5%B1%B1%E6%9C%AC%E7%9C%9F%E5%AE%9F%20%E3%83%97%E3%83%AD%E3%83%95%E3%82%A3%E3%83%BC%E3%83%AB%20%E5%B8%82%E8%AD%B0&f=user
山本　真実,party_search,medium,自由クラブ 府中市 山本,https://x.com/search?q=%E8%87%AA%E7%94%B1%E3%82%AF%E3%83%A9%E3%83%96%20%E5%BA%9C%E4%B8%AD%E5%B8%82%20%E5%B1%B1%E6%9C%AC&f=user
山本　真実,party_search,medium,"""自由クラブ"" メンバー 山本　真実",https://x.com/search?q=%22%E8%87%AA%E7%94%B1%E3%82%AF%E3%83%A9%E3%83%96%22%20%E3%83%A1%E3%83%B3%E3%83%90%E3%83%BC%20%E5%B1%B1%E6%9C%AC%E3%80%80%E7%9C%9F%E5%AE%9F&f=user
山本　真実,election_search,low,山本　真実 当選 府中市,https://x.com/search?q=%E5%B1%B1%E6%9C%AC%E3%80%80%E7%9C%9F%E5%AE%9F%20%E5%BD%93%E9%81%B8%20%E5%BA%9C%E4%B8%AD%E5%B8%82&f=user
山本　真実,election_search,low,#府中市選挙 山本　真実,https://x.com/search?q=%23%E5%BA%9C%E4%B8%AD%E5%B8%82%E9%81%B8%E6%8C%99%20%E5%B1%B1%E6%9C%AC%E3%80%80%E7%9C%9F%E5%AE%9F&f=user
山本　真実,election_search,low,山本　真実 選挙ポスター,https://x.com/search?q=%E5%B1%B1%E6%9C%AC%E3%80%80%E7%9C%9F%E5%AE%9F%20%E9%81%B8%E6%8C%99%E3%83%9D%E3%82%B9%E3%82%BF%E3%83%BC&f=user
ゆうき　りょう,direct_search,high,"""ゆうき　りょう"" 市議 -RT",https://x.com/search?q=%22%E3%82%86%E3%81%86%E3%81%8D%E3%80%80%E3%82%8A%E3%82%87%E3%81%86%22%20%E5%B8%82%E8%AD%B0%20-RT&f=user
ゆうき　りょう,direct_search,high,"""ゆうき　りょう"" 府中市 議員",https://x.com/search?q=%22%E3%82%86%E3%81%86%E3%81%8D%E3%80%80%E3%82%8A%E3%82%87%E3%81%86%22%20%E5%BA%9C%E4%B8%AD%E5%B8%82%20%E8%AD%B0%E5%93%A1&f=user
ゆうき　りょう,direct_search,high,ゆうきりょう プロフィール 市議,https://x.com/search?q=%E3%82%86%E3%81%86%E3%81%8D%E3%82%8A%E3%82%87%E3%81%86%20%E3%83%97%E3%83%AD%E3%83%95%E3%82%A3%E3%83%BC%E3%83%AB%20%E5%B8%82%E8%AD%B0&f=user
ゆうき　りょう,party_search,medium,自由クラブ 府中市 ゆうき,https://x.com/search?q=%E8%87%AA%E7%94%B1%E3%82%AF%E3%83%A9%E3%83%96%20%E5%BA%9C%E4%B8%AD%E5%B8%82%20%E3%82%86%E3%81%86%E3%81%8D&f=user
ゆうき　りょう,party_search,medium,"""自由クラブ"" メンバー ゆうき　りょう",https://x.com/search?q=%22%E8%87%AA%E7%94%B1%E3%82%AF%E3%83%A9%E3%83%96%22%20%E3%83%A1%E3%83%B3%E3%83%90%E3%83%BC%20%E3%82%86%E3%81%86%E3%81%8D%E3%80%80%E3%82%8A%E3%82%87%E3%81%86&f=user
ゆうき　りょう,election_search,low,ゆうき　りょう 当選 府中市,https://x.com/search?q=%E3%82%86%E3%81%86%E3%81%8D%E3%80%80%E3%82%8A%E3%82%87%E3%81%86%20%E5%BD%93%E9%81%B8%20%E5%BA%9C%E4%B8%AD%E5%B8%82&f=user
ゆうき　りょう,election_search,low,#府中市選挙 ゆうき　りょう,https://x.com/search?q=%23%E5%BA%9C%E4%B8%AD%E5%B8%82%E9%81%B8%E6%8C%99%20%E3%82%86%E3%81%86%E3%81%8D%E3%80%80%E3%82%8A%E3%82%87%E3%81%86&f=user
ゆうき　りょう,election_search,low,ゆうき　りょう 選挙ポスター,https://x.com/search?q=%E3%82%86%E3%81%86%E3%81%8D%E3%80%80%E3%82%8A%E3%82%87%E3%81%86%20%E9%81%B8%E6%8C%99%E3%83%9D%E3%82%B9%E3%82%BF%E3%83%BC&f=user
福田　千夏,direct_search,high,"""福田　千夏"" 市議 -RT",https://x.com/search?q=%22%E7%A6%8F%E7%94%B0%E3%80%80%E5%8D%83%E5%A4%8F%22%20%E5%B8%82%E8%AD%B0%20-RT&f=user
福田　千夏,direct_search,high,"""福田　千夏"" 府中市 議員",https://x.com/search?q=%22%E7%A6%8F%E7%94%B0%E3%80%80%E5%8D%83%E5%A4%8F%22%20%E5%BA%9C%E4%B8%AD%E5%B8%82%20%E8%AD%B0%E5%93%A1&f=user
福田　千夏,direct_search,high,福田千夏 プロフィール 市議,https://x.com/search?q=%E7%A6%8F%E7%94%B0%E5%8D%83%E5%A4%8F%20%E3%83%97%E3%83%AD%E3%83%95%E3%82%A3%E3%83%BC%E3%83%AB%20%E5%B8%82%E8%AD%B0&f=user
福田　千夏,party_search,medium,公明府中 府中市 福田,https://x.com/search?q=%E5%85%AC%E6%98%8E%E5%BA%9C%E4%B8%AD%20%E5%BA%9C%E4%B8%AD%E5%B8%82%20%E7%A6%8F%E7%94%B0&f=user
福田　千夏,party_search,medium,"""公明府中"" メンバー 福田　千夏",https://x.com/search?q=%22%E5%85%AC%E6%98%8E%E5%BA%9C%E4%B8%AD%22%20%E3%83%A1%E3%83%B3%E3%83%90%E3%83%BC%20%E7%A6%8F%E7%94%B0%E3%80%80%E5%8D%83%E5%A4%8F&f=user
福田　千夏,election_search,low,福田　千夏 当選 府中市,https://x.com/search?q=%E7%A6%8F%E7%94%B0%E3%80%80%E5%8D%83%E5%A4%8F%20%E5%BD%93%E9%81%B8%20%E5%BA%9C%E4%B8%AD%E5%B8%82&f=user
福田　千夏,election_search,low,#府中市選挙 福田　千夏,https://x.com/search?q=%23%E5%BA%9C%E4%B8%AD%E5%B8%82%E9%81%B8%E6%8C%99%20%E7%A6%8F%E7%94%B0%E3%80%80%E5%8D%83%E5%A4%8F&f=user
福田　千夏,election_search,low,福田　千夏 選挙ポスター,https://x.com/search?q=%E7%A6%8F%E7%94%B0%E3%80%80%E5%8D%83%E5%A4%8F%20%E9%81%B8%E6%8C%99%E3%83%9D%E3%82%B9%E3%82%BF%E3%83%BC&f=user
髙津　みどり,direct_search,high,"""髙津　みどり"" 市議 -RT",https://x.com/search?q=%22%E9%AB%99%E6%B4%A5%E3%80%80%E3%81%BF%E3%81%A9%E3%82%8A%22%20%E5%B8%82%E8%AD%B0%20-RT&f=user
髙津　みどり,direct_search,high,"""髙津　みどり"" 府中市 議員",https://x.com/search?q=%22%E9%AB%99%E6%B4%A5%E3%80%80%E3%81%BF%E3%81%A9%E3%82%8A%22%20%E5%BA%9C%E4%B8%AD%E5%B8%82%20%E8%AD%B0%E5%93%A1&f=user
髙津　みどり,direct_search,high,髙津みどり プロフィール 市議,https://x.com/search?q=%E9%AB%99%E6%B4%A5%E3%81%BF%E3%81%A9%E3%82%8A%20%E3%83%97%E3%83%AD%E3%83%95%E3%82%A3%E3%83%BC%E3%83%AB%20%E5%B8%82%E8%AD%B0&f=user
髙津　みどり,party_search,medium,公明府中 府中市 髙津,https://x.com/search?q=%E5%85%AC%E6%98%8E%E5%BA%9C%E4%B8%AD%20%E5%BA%9C%E4%B8%AD%E5%B8%82%20%E9%AB%99%E6%B4%A5&f=user
髙津　みどり,party_search,medium,"""公明府中"" メンバー 髙津　みどり",https://x.com/search?q=%22%E5%85%AC%E6%98%8E%E5%BA%9C%E4%B8%AD%22%20%E3%83%A1%E3%83%B3%E3%83%90%E3%83%BC%20%E9%AB%99%E6%B4%A5%E3%80%80%E3%81%BF%E3%81%A9%E3%82%8A&f=user
髙津　みどり,election_search,low,髙津　みどり 当選 府中市,https://x.com/search?q=%E9%AB%99%E6%B4%A5%E3%80%80%E3%81%BF%E3%81%A9%E3%82%8A%20%E5%BD%93%E9%81%B8%20%E5%BA%9C%E4%B8%AD%E5%B8%82&f=user
髙津　みどり,election_search,low,#府中市選挙 髙津　みどり,https://x.com/search?q=%23%E5%BA%9C%E4%B8%AD%E5%B8%82%E9%81%B8%E6%8C%99%20%E9%AB%99%E6%B4%A5%E3%80%80%E3%81%BF%E3%81%A9%E3%82%8A&f=user
髙津　みどり,election_search,low,髙津　みどり 選挙ポスター,https://x.com/search?q=%E9%AB%99%E6%B4%A5%E3%80%80%E3%81%BF%E3%81%A9%E3%82%8A%20%E9%81%B8%E6%8C%99%E3%83%9D%E3%82%B9%E3%82%BF%E3%83%BC&f=user
前川　浩子,direct_search,high,"""前川　浩子"" 市議 -RT",https://x.com/search?q=%22%E5%89%8D%E5%B7%9D%E3%80%80%E6%B5%A9%E5%AD%90%22%20%E5%B8%82%E8%AD%B0%20-RT&f=user
前川　浩子,direct_search,high,"""前川　浩子"" 府中市 議員",https://x.com/search?q=%22%E5%89%8D%E5%B7%9D%E3%80%80%E6%B5%A9%E5%AD%90%22%20%E5%BA%9C%E4%B8%AD%E5%B8%82%20%E8%AD%B0%E5%93%A1&f=user
前川　浩子,direct_search,high,前川浩子 プロフィール 市議,https://x.com/search?q=%E5%89%8D%E5%B7%9D%E6%B5%A9%E5%AD%90%20%E3%83%97%E3%83%AD%E3%83%95%E3%82%A3%E3%83%BC%E3%83%AB%20%E5%B8%82%E8%AD%B0&f=user
前川　浩子,party_search,medium,府中市議会市民フォーラム 府中市 前川,https://x.com/search?q=%E5%BA%9C%E4%B8%AD%E5%B8%82%E8%AD%B0%E4%BC%9A%E5%B8%82%E6%B0%91%E3%83%95%E3%82%A9%E3%83%BC%E3%83%A9%E3%83%A0%20%E5%BA%9C%E4%B8%AD%E5%B8%82%20%E5%89%8D%E5%B7%9D&f=user
前川　浩子,party_search,medium,"""府中市議会市民フォーラム"" メンバー 前川　浩子",https://x.com/search?q=%22%E5%BA%9C%E4%B8%AD%E5%B8%82%E8%AD%B0%E4%BC%9A%E5%B8%82%E6%B0%91%E3%83%95%E3%82%A9%E3%83%BC%E3%83%A9%E3%83%A0%22%20%E3%83%A1%E3%83%B3%E3%83%90%E3%83%BC%20%E5%89%8D%E5%B7%9D%E3%80%80%E6%B5%A9%E5%AD%90&f=user
前川　浩子,election_search,low,前川　浩子 当選 府中市,https://x.com/search?q=%E5%89%8D%E5%B7%9D%E3%80%80%E6%B5%A9%E5%AD%90%20%E5%BD%93%E9%81%B8%20%E5%BA%9C%E4%B8%AD%E5%B8%82&f=user
前川　浩子,election_search,low,#府中市選挙 前川　浩子,https://x.com/search?q=%23%E5%BA%9C%E4%B8%AD%E5%B8%82%E9%81%B8%E6%8C%99%20%E5%89%8D%E5%B7%9D%E3%80%80%E6%B5%A9%E5%AD%90&f=user
前川　浩子,election_search,low,前川　浩子 選挙ポスター,https://x.com/search?q=%E5%89%8D%E5%B7%9D%E3%80%80%E6%B5%A9%E5%AD%90%20%E9%81%B8%E6%8C%99%E3%83%9D%E3%82%B9%E3%82%BF%E3%83%BC&f=user
渡辺　しょう,direct_search,high,"""渡辺　しょう"" 市議 -RT",https://x.com/search?q=%22%E6%B8%A1%E8%BE%BA%E3%80%80%E3%81%97%E3%82%87%E3%81%86%22%20%E5%B8%82%E8%AD%B0%20-RT&f=user
渡辺　しょう,direct_search,high,"""渡辺　しょう"" 府中市 議員",https://x.com/search?q=%22%E6%B8%A1%E8%BE%BA%E3%80%80%E3%81%97%E3%82%87%E3%81%86%22%20%E5%BA%9C%E4%B8%AD%E5%B8%82%20%E8%AD%B0%E5%93%A1&f=user
渡辺　しょう,direct_search,high,渡辺しょう プロフィール 市議,https://x.com/search?q=%E6%B8%A1%E8%BE%BA%E3%81%97%E3%82%87%E3%81%86%20%E3%83%97%E3%83%AD%E3%83%95%E3%82%A3%E3%83%BC%E3%83%AB%20%E5%B8%82%E8%AD%B0&f=user
渡辺　しょう,party_search,medium,府中市議会市民フォーラム 府中市 渡辺,https://x.com/search?q=%E5%BA%9C%E4%B8%AD%E5%B8%82%E8%AD%B0%E4%BC%9A%E5%B8%82%E6%B0%91%E3%83%95%E3%82%A9%E3%83%BC%E3%83%A9%E3%83%A0%20%E5%BA%9C%E4%B8%AD%E5%B8%82%20%E6%B8%A1%E8%BE%BA&f=user
渡辺　しょう,party_search,medium,"""府中市議会市民フォーラム"" メンバー 渡辺　しょう",https://x.com/search?q=%22%E5%BA%9C%E4%B8%AD%E5%B8%82%E8%AD%B0%E4%BC%9A%E5%B8%82%E6%B0%91%E3%83%95%E3%82%A9%E3%83%BC%E3%83%A9%E3%83%A0%22%20%E3%83%A1%E3%83%B3%E3%83%90%E3%83%BC%20%E6%B8%A1%E8%BE%BA%E3%80%80%E3%81%97%E3%82%87%E3%81%86&f=user
渡辺　しょう,election_search,low,渡辺　しょう 当選 府中市,https://x.com/search?q=%E6%B8%A1%E8%BE%BA%E3%80%80%E3%81%97%E3%82%87%E3%81%86%20%E5%BD%93%E9%81%B8%20%E5%BA%9C%E4%B8%AD%E5%B8%82&f=user
渡辺　しょう,election_search,low,#府中市選挙 渡辺　しょう,https://x.com/search?q=%23%E5%BA%9C%E4%B8%AD%E5%B8%82%E9%81%B8%E6%8C%99%20%E6%B8%A1%E8%BE%BA%E3%80%80%E3%81%97%E3%82%87%E3%81%86&f=user
渡辺　しょう,election_search,low,渡辺　しょう 選挙ポスター,https://x.com/search?q=%E6%B8%A1%E8%BE%BA%E3%80%80%E3%81%97%E3%82%87%E3%81%86%20%E9%81%B8%E6%8C%99%E3%83%9D%E3%82%B9%E3%82%BF%E3%83%BC&f=user
秋山　としゆき,direct_search,high,"""秋山　としゆき"" 市議 -RT",https://x.com/search?q=%22%E7%A7%8B%E5%B1%B1%E3%80%80%E3%81%A8%E3%81%97%E3%82%86%E3%81%8D%22%20%E5%B8%82%E8%AD%B0%20-RT&f=user
秋山　としゆき,direct_search,high,"""秋山　としゆき"" 府中市 議員",https://x.com/search?q=%22%E7%A7%8B%E5%B1%B1%E3%80%80%E3%81%A8%E3%81%97%E3%82%86%E3%81%8D%22%20%E5%BA%9C%E4%B8%AD%E5%B8%82%20%E8%AD%B0%E5%93%A1&f=user
秋山　としゆき,direct_search,high,秋山としゆき プロフィール 市議,https://x.com/search?q=%E7%A7%8B%E5%B1%B1%E3%81%A8%E3%81%97%E3%82%86%E3%81%8D%20%E3%83%97%E3%83%AD%E3%83%95%E3%82%A3%E3%83%BC%E3%83%AB%20%E5%B8%82%E8%AD%B0&f=user
秋山　としゆき,party_search,medium,府中市議会市政会 府中市 秋山,https://x.com/search?q=%E5%BA%9C%E4%B8%AD%E5%B8%82%E8%AD%B0%E4%BC%9A%E5%B8%82%E6%94%BF%E4%BC%9A%20%E5%BA%9C%E4%B8%AD%E5%B8%82%20%E7%A7%8B%E5%B1%B1&f=user
秋山　としゆき,party_search,medium,"""府中市議会市政会"" メンバー 秋山　としゆき",https://x.com/search?q=%22%E5%BA%9C%E4%B8%AD%E5%B8%82%E8%AD%B0%E4%BC%9A%E5%B8%82%E6%94%BF%E4%BC%9A%22%20%E3%83%A1%E3%83%B3%E3%83%90%E3%83%BC%20%E7%A7%8B%E5%B1%B1%E3%80%80%E3%81%A8%E3%81%97%E3%82%86%E3%81%8D&f=user
秋山　としゆき,election_search,low,秋山　としゆき 当選 府中市,https://x.com/search?q=%E7%A7%8B%E5%B1%B1%E3%80%80%E3%81%A8%E3%81%97%E3%82%86%E3%81%8D%20%E5%BD%93%E9%81%B8%20%E5%BA%9C%E4%B8%AD%E5%B8%82&f=user
秋山　としゆき,election_search,low,#府中市選挙 秋山　としゆき,https://x.com/search?q=%23%E5%BA%9C%E4%B8%AD%E5%B8%82%E9%81%B8%E6%8C%99%20%E7%A7%8B%E5%B1%B1%E3%80%80%E3%81%A8%E3%81%97%E3%82%86%E3%81%8D&f=user
秋山　としゆき,election_search,low,秋山　としゆき 選挙ポスター,https://x.com/search?q=%E7%A7%8B%E5%B1%B1%E3%80%80%E3%81%A8%E3%81%97%E3%82%86%E3%81%8D%20%E9%81%B8%E6%8C%99%E3%83%9D%E3%82%B9%E3%82%BF%E3%83%BC&f=user
松村　祐樹,direct_search,high,"""松村　祐樹"" 市議 -RT",https://x.com/search?q=%22%E6%9D%BE%E6%9D%91%E3%80%80%E7%A5%90%E6%A8%B9%22%20%E5%B8%82%E8%AD%B0%20-RT&f=user
松村　祐樹,direct_search,high,"""松村　祐樹"" 府中市 議員",https://x.com/search?q=%22%E6%9D%BE%E6%9D%91%E3%80%80%E7%A5%90%E6%A8%B9%22%20%E5%BA%9C%E4%B8%AD%E5%B8%82%20%E8%AD%B0%E5%93%A1&f=user
松村　祐樹,direct_search,high,松村祐樹 プロフィール 市議,https://x.com/search?q=%E6%9D%BE%E6%9D%91%E7%A5%90%E6%A8%B9%20%E3%83%97%E3%83%AD%E3%83%95%E3%82%A3%E3%83%BC%E3%83%AB%20%E5%B8%82%E8%AD%B0&f=user
松村　祐樹,party_search,medium,府中市議会市政会 府中市 松村,https://x.com/search?q=%E5%BA%9C%E4%B8%AD%E5%B8%82%E8%AD%B0%E4%BC%9A%E5%B8%82%E6%94%BF%E4%BC%9A%20%E5%BA%9C%E4%B8%AD%E5%B8%82%20%E6%9D%BE%E6%9D%91&f=user
松村　祐樹,party_search,medium,"""府中市議会市政会"" メンバー 松村　祐樹",https://x.com/search?q=%22%E5%BA%9C%E4%B8%AD%E5%B8%82%E8%AD%B0%E4%BC%9A%E5%B8%82%E6%94%BF%E4%BC%9A%22%20%E3%83%A1%E3%83%B3%E3%83%90%E3%83%BC%20%E6%9D%BE%E6%9D%91%E3%80%80%E7%A5%90%E6%A8%B9&f=user
松村　祐樹,election_search,low,松村　祐樹 当選 府中市,https://x.com/search?q=%E6%9D%BE%E6%9D%91%E3%80%80%E7%A5%90%E6%A8%B9%20%E5%BD%93%E9%81%B8%20%E5%BA%9C%E4%B8%AD%E5%B8%82&f=user
松村　祐樹,election_search,low,#府中市選挙 松村　祐樹,https://x.com/search?q=%23%E5%BA%9C%E4%B8%AD%E5%B8%82%E9%81%B8%E6%8C%99%20%E6%9D%BE%E6%9D%91%E3%80%80%E7%A5%90%E6%A8%B9&f=user
松村　祐樹,election_search,low,松村　祐樹 選挙ポスター,https://x.com/search?q=%E6%9D%BE%E6%9D%91%E3%80%80%E7%A5%90%E6%A8%B9%20%E9%81%B8%E6%8C%99%E3%83%9D%E3%82%B9%E3%82%BF%E3%83%BC&f=user
佐藤　新悟,direct_search,high,"""佐藤　新悟"" 市議 -RT",https://x.com/search?q=%22%E4%BD%90%E8%97%A4%E3%80%80%E6%96%B0%E6%82%9F%22%20%E5%B8%82%E8%AD%B0%20-RT&f=user
佐藤　新悟,direct_search,high,"""佐藤　新悟"" 府中市 議員",https://x.com/search?q=%22%E4%BD%90%E8%97%A4%E3%80%80%E6%96%B0%E6%82%9F%22%20%E5%BA%9C%E4%B8%AD%E5%B8%82%20%E8%AD%B0%E5%93%A1&f=user
佐藤　新悟,direct_search,high,佐藤新悟 プロフィール 市議,https://x.com/search?q=%E4%BD%90%E8%97%A4%E6%96%B0%E6%82%9F%20%E3%83%97%E3%83%AD%E3%83%95%E3%82%A3%E3%83%BC%E3%83%AB%20%E5%B8%82%E8%AD%B0&f=user
佐藤　新悟,party_search,medium,府中市議会市政会 府中市 佐藤,https://x.com/search?q=%E5%BA%9C%E4%B8%AD%E5%B8%82%E8%AD%B0%E4%BC%9A%E5%B8%82%E6%94%BF%E4%BC%9A%20%E5%BA%9C%E4%B8%AD%E5%B8%82%20%E4%BD%90%E8%97%A4&f=user
佐藤　新悟,party_search,medium,"""府中市議会市政会"" メンバー 佐藤　新悟",https://x.com/search?q=%22%E5%BA%9C%E4%B8%AD%E5%B8%82%E8%AD%B0%E4%BC%9A%E5%B8%82%E6%94%BF%E4%BC%9A%22%20%E3%83%A1%E3%83%B3%E3%83%90%E3%83%BC%20%E4%BD%90%E8%97%A4%E3%80%80%E6%96%B0%E6%82%9F&f=user
佐藤　新悟,election_search,low,佐藤　新悟 当選 府中市,https://x.com/search?q=%E4%BD%90%E8%97%A4%E3%80%80%E6%96%B0%E6%82%9F%20%E5%BD%93%E9%81%B8%20%E5%BA%9C%E4%B8%AD%E5%B8%82&f=user
佐藤　新悟,election_search,low,#府中市選挙 佐藤　新悟,https://x.com/search?q=%23%E5%BA%9C%E4%B8%AD%E5%B8%82%E9%81%B8%E6%8C%99%20%E4%BD%90%E8%97%A4%E3%80%80%E6%96%B0%E6%82%9F&f=user
佐藤　新悟,election_search,low,佐藤　新悟 選挙ポスター,https://x.com/search?q=%E4%BD%90%E8%97%A4%E3%80%80%E6%96%B0%E6%82%9F%20%E9%81%B8%E6%8C%99%E3%83%9D%E3%82%B9%E3%82%BF%E3%83%BC&f=user
横田　実,direct_search,high,"""横田　実"" 市議 -RT",https://x.com/search?q=%22%E6%A8%AA%E7%94%B0%E3%80%80%E5%AE%9F%22%20%E5%B8%82%E8%AD%B0%20-RT&f=user
横田　実,direct_search,high,"""横田　実"" 府中市 議員",https://x.com/search?q=%22%E6%A8%AA%E7%94%B0%E3%80%80%E5%AE%9F%22%20%E5%BA%9C%E4%B8%AD%E5%B8%82%20%E8%AD%B0%E5%93%A1&f=user
横田　実,direct_search,high,横田実 プロフィール 市議,https://x.com/search?q=%E6%A8%AA%E7%94%B0%E5%AE%9F%20%E3%83%97%E3%83%AD%E3%83%95%E3%82%A3%E3%83%BC%E3%83%AB%20%E5%B8%82%E8%AD%B0&f=user
横田　実,party_search,medium,府中市議会市政会 府中市 横田,https://x.com/search?q=%E5%BA%9C%E4%B8%AD%E5%B8%82%E8%AD%B0%E4%BC%9A%E5%B8%82%E6%94%BF%E4%BC%9A%20%E5%BA%9C%E4%B8%AD%E5%B8%82%20%E6%A8%AA%E7%94%B0&f=user
横田　実,party_search,medium,"""府中市議会市政会"" メンバー 横田　実",https://x.com/search?q=%22%E5%BA%9C%E4%B8%AD%E5%B8%82%E8%AD%B0%E4%BC%9A%E5%B8%82%E6%94%BF%E4%BC%9A%22%20%E3%83%A1%E3%83%B3%E3%83%90%E3%83%BC%20%E6%A8%AA%E7%94%B0%E3%80%80%E5%AE%9F&f=user
横田　実,election_search,low,横田　実 当選 府中市,https://x.com/search?q=%E6%A8%AA%E7%94%B0%E3%80%80%E5%AE%9F%20%E5%BD%93%E9%81%B8%20%E5%BA%9C%E4%B8%AD%E5%B8%82&f=user
横田　実,election_search,low,#府中市選挙 横田　実,https://x.com/search?q=%23%E5%BA%9C%E4%B8%AD%E5%B8%82%E9%81%B8%E6%8C%99%20%E6%A8%AA%E7%94%B0%E3%80%80%E5%AE%9F&f=user
横田　実,election_search,low,横田　実 選挙ポスター,https://x.com/search?q=%E6%A8%AA%E7%94%B0%E3%80%80%E5%AE%9F%20%E9%81%B8%E6%8C%99%E3%83%9D%E3%82%B9%E3%82%BF%E3%83%BC&f=user
比留間　利蔵,direct_search,high,"""比留間　利蔵"" 市議 -RT",https://x.com/search?q=%22%E6%AF%94%E7%95%99%E9%96%93%E3%80%80%E5%88%A9%E8%94%B5%22%20%E5%B8%82%E8%AD%B0%20-RT&f=user
比留間　利蔵,direct_search,high,"""比留間　利蔵"" 府中市 議員",https://x.com/search?q=%22%E6%AF%94%E7%95%99%E9%96%93%E3%80%80%E5%88%A9%E8%94%B5%22%20%E5%BA%9C%E4%B8%AD%E5%B8%82%20%E8%AD%B0%E5%93%A1&f=user
比留間　利蔵,direct_search,high,比留間利蔵 プロフィール 市議,https://x.com/search?q=%E6%AF%94%E7%95%99%E9%96%93%E5%88%A9%E8%94%B5%20%E3%83%97%E3%83%AD%E3%83%95%E3%82%A3%E3%83%BC%E3%83%AB%20%E5%B8%82%E8%AD%B0&f=user
比留間　利蔵,party_search,medium,府中市議会市政会 府中市 比留間,https://x.com/search?q=%E5%BA%9C%E4%B8%AD%E5%B8%82%E8%AD%B0%E4%BC%9A%E5%B8%82%E6%94%BF%E4%BC%9A%20%E5%BA%9C%E4%B8%AD%E5%B8%82%20%E6%AF%94%E7%95%99%E9%96%93&f=user
比留間　利蔵,party_search,medium,"""府中市議会市政会"" メンバー 比留間　利蔵",https://x.com/search?q=%22%E5%BA%9C%E4%B8%AD%E5%B8%82%E8%AD%B0%E4%BC%9A%E5%B8%82%E6%94%BF%E4%BC%9A%22%20%E3%83%A1%E3%83%B3%E3%83%90%E3%83%BC%20%E6%AF%94%E7%95%99%E9%96%93%E3%80%80%E5%88%A9%E8%94%B5&f=user
比留間　利蔵,election_search,low,比留間　利蔵 当選 府中市,https://x.com/search?q=%E6%AF%94%E7%95%99%E9%96%93%E3%80%80%E5%88%A9%E8%94%B5%20%E5%BD%93%E9%81%B8%20%E5%BA%9C%E4%B8%AD%E5%B8%82&f=user
比留間　利蔵,election_search,low,#府中市選挙 比留間　利蔵,https://x.com/search?q=%23%E5%BA%9C%E4%B8%AD%E5%B8%82%E9%81%B8%E6%8C%99%20%E6%AF%94%E7%95%99%E9%96%93%E3%80%80%E5%88%A9%E8%94%B5&f=user
比留間　利蔵,election_search,low,比留間　利蔵 選挙ポスター,https://x.com/search?q=%E6%AF%94%E7%95%99%E9%96%93%E3%80%80%E5%88%A9%E8%94%B5%20%E9%81%B8%E6%8C%99%E3%83%9D%E3%82%B9%E3%82%BF%E3%83%BC&f=user
稲津　憲護,direct_search,high,"""稲津　憲護"" 市議 -RT",https://x.com/search?q=%22%E7%A8%B2%E6%B4%A5%E3%80%80%E6%86%B2%E8%AD%B7%22%20%E5%B8%82%E8%AD%B0%20-RT&f=user
稲津　憲護,direct_search,high,"""稲津　憲護"" 府中市 議員",https://x.com/search?q=%22%E7%A8%B2%E6%B4%A5%E3%80%80%E6%86%B2%E8%AD%B7%22%20%E5%BA%9C%E4%B8%AD%E5%B8%82%20%E8%AD%B0%E5%93%A1&f=user
稲津　憲護,direct_search,high,稲津憲護 プロフィール 市議,https://x.com/search?q=%E7%A8%B2%E6%B4%A5%E6%86%B2%E8%AD%B7%20%E3%83%97%E3%83%AD%E3%83%95%E3%82%A3%E3%83%BC%E3%83%AB%20%E5%B8%82%E8%AD%B0&f=user
稲津　憲護,party_search,medium,府中市議会市民フォーラム 府中市 稲津,https://x.com/search?q=%E5%BA%9C%E4%B8%AD%E5%B8%82%E8%AD%B0%E4%BC%9A%E5%B8%82%E6%B0%91%E3%83%95%E3%82%A9%E3%83%BC%E3%83%A9%E3%83%A0%20%E5%BA%9C%E4%B8%AD%E5%B8%82%20%E7%A8%B2%E6%B4%A5&f=user
稲津　憲護,party_search,medium,"""府中市議会市民フォーラム"" メンバー 稲津　憲護",https://x.com/search?q=%22%E5%BA%9C%E4%B8%AD%E5%B8%82%E8%AD%B0%E4%BC%9A%E5%B8%82%E6%B0%91%E3%83%95%E3%82%A9%E3%83%BC%E3%83%A9%E3%83%A0%22%20%E3%83%A1%E3%83%B3%E3%83%90%E3%83%BC%20%E7%A8%B2%E6%B4%A5%E3%80%80%E6%86%B2%E8%AD%B7&f=user
稲津　憲護,election_search,low,稲津　憲護 当選 府中市,https://x.com/search?q=%E7%A8%B2%E6%B4%A5%E3%80%80%E6%86%B2%E8%AD%B7%20%E5%BD%93%E9%81%B8%20%E5%BA%9C%E4%B8%AD%E5%B8%82&f=user
稲津　憲護,election_search,low,#府中市選挙 稲津　憲護,https://x.com/search?q=%23%E5%BA%9C%E4%B8%AD%E5%B8%82%E9%81%B8%E6%8C%99%20%E7%A8%B2%E6%B4%A5%E3%80%80%E6%86%B2%E8%AD%B7&f=user
稲津　憲護,election_search,low,稲津　憲護 選挙ポスター,https://x.com/search?q=%E7%A8%B2%E6%B4%A5%E3%80%80%E6%86%B2%E8%AD%B7%20%E9%81%B8%E6%8C%99%E3%83%9D%E3%82%B9%E3%82%BF%E3%83%BC&f=user
にしみや　幸一,direct_search,high,"""にしみや　幸一"" 市議 -RT",https://x.com/search?q=%22%E3%81%AB%E3%81%97%E3%81%BF%E3%82%84%E3%80%80%E5%B9%B8%E4%B8%80%22%20%E5%B8%82%E8%AD%B0%20-RT&f=user
にしみや　幸一,direct_search,high,"""にしみや　幸一"" 府中市 議員",https://x.com/search?q=%22%E3%81%AB%E3%81%97%E3%81%BF%E3%82%84%E3%80%80%E5%B9%B8%E4%B8%80%22%20%E5%BA%9C%E4%B8%AD%E5%B8%82%20%E8%AD%B0%E5%93%A1&f=user
にしみや　幸一,direct_search,high,にしみや幸一 プロフィール 市議,https://x.com/search?q=%E3%81%AB%E3%81%97%E3%81%BF%E3%82%84%E5%B9%B8%E4%B8%80%20%E3%83%97%E3%83%AD%E3%83%95%E3%82%A3%E3%83%BC%E3%83%AB%20%E5%B8%82%E8%AD%B0&f=user
にしみや　幸一,party_search,medium,府中市議会市民フォーラム 府中市 にしみや,https://x.com/search?q=%E5%BA%9C%E4%B8%AD%E5%B8%82%E8%AD%B0%E4%BC%9A%E5%B8%82%E6%B0%91%E3%83%95%E3%82%A9%E3%83%BC%E3%83%A9%E3%83%A0%20%E5%BA%9C%E4%B8%AD%E5%B8%82%20%E3%81%AB%E3%81%97%E3%81%BF%E3%82%84&f=user
にしみや　幸一,party_search,medium,"""府中市議会市民フォーラム"" メンバー にしみや　幸一",https://x.com/search?q=%22%E5%BA%9C%E4%B8%AD%E5%B8%82%E8%AD%B0%E4%BC%9A%E5%B8%82%E6%B0%91%E3%83%95%E3%82%A9%E3%83%BC%E3%83%A9%E3%83%A0%22%20%E3%83%A1%E3%83%B3%E3%83%90%E3%83%BC%20%E3%81%AB%E3%81%97%E3%81%BF%E3%82%84%E3%80%80%E5%B9%B8%E4%B8%80&f=user
にしみや　幸一,election_search,low,にしみや　幸一 当選 府中市,https://x.com/search?q=%E3%81%AB%E3%81%97%E3%81%BF%E3%82%84%E3%80%80%E5%B9%B8%E4%B8%80%20%E5%BD%93%E9%81%B8%20%E5%BA%9C%E4%B8%AD%E5%B8%82&f=user
にしみや　幸一,election_search,low,#府中市選挙 にしみや　幸一,https://x.com/search?q=%23%E5%BA%9C%E4%B8%AD%E5%B8%82%E9%81%B8%E6%8C%99%20%E3%81%AB%E3%81%97%E3%81%BF%E3%82%84%E3%80%80%E5%B9%B8%E4%B8%80&f=user
にしみや　幸一,election_search,low,にしみや　幸一 選挙ポスター,https://x.com/search?q=%E3%81%AB%E3%81%97%E3%81%BF%E3%82%84%E3%80%80%E5%B9%B8%E4%B8%80%20%E9%81%B8%E6%8C%99%E3%83%9D%E3%82%B9%E3%82%BF%E3%83%BC&f=user
手塚　としひさ,direct_search,high,"""手塚　としひさ"" 市議 -RT",https://x.com/search?q=%22%E6%89%8B%E5%A1%9A%E3%80%80%E3%81%A8%E3%81%97%E3%81%B2%E3%81%95%22%20%E5%B8%82%E8%AD%B0%20-RT&f=user
手塚　としひさ,direct_search,high,"""手塚　としひさ"" 府中市 議員",https://x.com/search?q=%22%E6%89%8B%E5%A1%9A%E3%80%80%E3%81%A8%E3%81%97%E3%81%B2%E3%81%95%22%20%E5%BA%9C%E4%B8%AD%E5%B8%82%20%E8%AD%B0%E5%93%A1&f=user
手塚　としひさ,direct_search,high,手塚としひさ プロフィール 市議,https://x.com/search?q=%E6%89%8B%E5%A1%9A%E3%81%A8%E3%81%97%E3%81%B2%E3%81%95%20%E3%83%97%E3%83%AD%E3%83%95%E3%82%A3%E3%83%BC%E3%83%AB%20%E5%B8%82%E8%AD%B0&f=user
手塚　としひさ,party_search,medium,府中市議会市民フォーラム 府中市 手塚,https://x.com/search?q=%E5%BA%9C%E4%B8%AD%E5%B8%82%E8%AD%B0%E4%BC%9A%E5%B8%82%E6%B0%91%E3%83%95%E3%82%A9%E3%83%BC%E3%83%A9%E3%83%A0%20%E5%BA%9C%E4%B8%AD%E5%B8%82%20%E6%89%8B%E5%A1%9A&f=user
手塚　としひさ,party_search,medium,"""府中市議会市民フォーラム"" メンバー 手塚　としひさ",https://x.com/search?q=%22%E5%BA%9C%E4%B8%AD%E5%B8%82%E8%AD%B0%E4%BC%9A%E5%B8%82%E6%B0%91%E3%83%95%E3%82%A9%E3%83%BC%E3%83%A9%E3%83%A0%22%20%E3%83%A1%E3%83%B3%E3%83%90%E3%83%BC%20%E6%89%8B%E5%A1%9A%E3%80%80%E3%81%A8%E3%81%97%E3%81%B2%E3%81%95&f=user
手塚　としひさ,election_search,low,手塚　としひさ 当選 府中市,https://x.com/search?q=%E6%89%8B%E5%A1%9A%E3%80%80%E3%81%A8%E3%81%97%E3%81%B2%E3%81%95%20%E5%BD%93%E9%81%B8%20%E5%BA%9C%E4%B8%AD%E5%B8%82&f=user
手塚　としひさ,election_search,low,#府中市選挙 手塚　としひさ,https://x.com/search?q=%23%E5%BA%9C%E4%B8%AD%E5%B8%82%E9%81%B8%E6%8C%99%20%E6%89%8B%E5%A1%9A%E3%80%80%E3%81%A8%E3%81%97%E3%81%B2%E3%81%95&f=user
手塚　としひさ,election_search,low,手塚　としひさ 選挙ポスター,https://x.com/search?q=%E6%89%8B%E5%A1%9A%E3%80%80%E3%81%A8%E3%81%97%E3%81%B2%E3%81%95%20%E9%81%B8%E6%8C%99%E3%83%9D%E3%82%B9%E3%82%BF%E3%83%BC&f=user
西村　陸,direct_search,high,"""西村　陸"" 市議 -RT",https://x.com/search?q=%22%E8%A5%BF%E6%9D%91%E3%80%80%E9%99%B8%22%20%E5%B8%82%E8%AD%B0%20-RT&f=user
西村　陸,direct_search,high,"""西村　陸"" 府中市 議員",https://x.com/search?q=%22%E8%A5%BF%E6%9D%91%E3%80%80%E9%99%B8%22%20%E5%BA%9C%E4%B8%AD%E5%B8%82%20%E8%AD%B0%E5%93%A1&f=user
西村　陸,direct_search,high,西村陸 プロフィール 市議,https://x.com/search?q=%E8%A5%BF%E6%9D%91%E9%99%B8%20%E3%83%97%E3%83%AD%E3%83%95%E3%82%A3%E3%83%BC%E3%83%AB%20%E5%B8%82%E8%AD%B0&f=user
西村　陸,party_search,medium,公明府中 府中市 西村,https://x.com/search?q=%E5%85%AC%E6%98%8E%E5%BA%9C%E4%B8%AD%20%E5%BA%9C%E4%B8%AD%E5%B8%82%20%E8%A5%BF%E6%9D%91&f=user
西村　陸,party_search,medium,"""公明府中"" メンバー 西村　陸",https://x.com/search?q=%22%E5%85%AC%E6%98%8E%E5%BA%9C%E4%B8%AD%22%20%E3%83%A1%E3%83%B3%E3%83%90%E3%83%BC%20%E8%A5%BF%E6%9D%91%E3%80%80%E9%99%B8&f=user
西村　陸,election_search,low,西村　陸 当選 府中市,https://x.com/search?q=%E8%A5%BF%E6%9D%91%E3%80%80%E9%99%B8%20%E5%BD%93%E9%81%B8%20%E5%BA%9C%E4%B8%AD%E5%B8%82&f=user
西村　陸,election_search,low,#府中市選挙 西村　陸,https://x.com/search?q=%23%E5%BA%9C%E4%B8%AD%E5%B8%82%E9%81%B8%E6%8C%99%20%E8%A5%BF%E6%9D%91%E3%80%80%E9%99%B8&f=user
西村　陸,election_search,low,西村　陸 選挙ポスター,https://x.com/search?q=%E8%A5%BF%E6%9D%91%E3%80%80%E9%99%B8%20%E9%81%B8%E6%8C%99%E3%83%9D%E3%82%B9%E3%82%BF%E3%83%BC&f=user
奈良﨑　久和,direct_search,high,"""奈良﨑　久和"" 市議 -RT",https://x.com/search?q=%22%E5%A5%88%E8%89%AF%EF%A8%91%E3%80%80%E4%B9%85%E5%92%8C%22%20%E5%B8%82%E8%AD%B0%20-RT&f=user
奈良﨑　久和,direct_search,high,"""奈良﨑　久和"" 府中市 議員",https://x.com/search?q=%22%E5%A5%88%E8%89%AF%EF%A8%91%E3%80%80%E4%B9%85%E5%92%8C%22%20%E5%BA%9C%E4%B8%AD%E5%B8%82%20%E8%AD%B0%E5%93%A1&f=user
奈良﨑　久和,direct_search,high,奈良﨑久和 プロフィール 市議,https://x.com/search?q=%E5%A5%88%E8%89%AF%EF%A8%91%E4%B9%85%E5%92%8C%20%E3%83%97%E3%83%AD%E3%83%95%E3%82%A3%E3%83%BC%E3%83%AB%20%E5%B8%82%E8%AD%B0&f=user
奈良﨑　久和,party_search,medium,公明府中 府中市 奈良﨑,https://x.com/search?q=%E5%85%AC%E6%98%8E%E5%BA%9C%E4%B8%AD%20%E5%BA%9C%E4%B8%AD%E5%B8%82%20%E5%A5%88%E8%89%AF%EF%A8%91&f=user
奈良﨑　久和,party_search,medium,"""公明府中"" メンバー 奈良﨑　久和",https://x.com/search?q=%22%E5%85%AC%E6%98%8E%E5%BA%9C%E4%B8%AD%22%20%E3%83%A1%E3%83%B3%E3%83%90%E3%83%BC%20%E5%A5%88%E8%89%AF%EF%A8%91%E3%80%80%E4%B9%85%E5%92%8C&f=user
奈良﨑　久和,election_search,low,奈良﨑　久和 当選 府中市,https://x.com/search?q=%E5%A5%88%E8%89%AF%EF%A8%91%E3%80%80%E4%B9%85%E5%92%8C%20%E5%BD%93%E9%81%B8%20%E5%BA%9C%E4%B8%AD%E5%B8%82&f=user
奈良﨑　久和,election_search,low,#府中市選挙 奈良﨑　久和,https://x.com/search?q=%23%E5%BA%9C%E4%B8%AD%E5%B8%82%E9%81%B8%E6%8C%99%20%E5%A5%88%E8%89%AF%EF%A8%91%E3%80%80%E4%B9%85%E5%92%8C&f=user
奈良﨑　久和,election_search,low,奈良﨑　久和 選挙ポスター,https://x.com/search?q=%E5%A5%88%E8%89%AF%EF%A8%91%E3%80%80%E4%B9%85%E5%92%8C%20%E9%81%B8%E6%8C%99%E3%83%9D%E3%82%B9%E3%82%BF%E3%83%BC&f=user
吉村　文明,direct_search,high,"""吉村　文明"" 市議 -RT",https://x.com/search?q=%22%E5%90%89%E6%9D%91%E3%80%80%E6%96%87%E6%98%8E%22%20%E5%B8%82%E8%AD%B0%20-RT&f=user
吉村　文明,direct_search,high,"""吉村　文明"" 府中市 議員",https://x.com/search?q=%22%E5%90%89%E6%9D%91%E3%80%80%E6%96%87%E6%98%8E%22%20%E5%BA%9C%E4%B8%AD%E5%B8%82%20%E8%AD%B0%E5%93%A1&f=user
吉村　文明,direct_search,high,吉村文明 プロフィール 市議,https://x.com/search?q=%E5%90%89%E6%9D%91%E6%96%87%E6%98%8E%20%E3%83%97%E3%83%AD%E3%83%95%E3%82%A3%E3%83%BC%E3%83%AB%20%E5%B8%82%E8%AD%B0&f=user
吉村　文明,party_search,medium,日本共産党府中市議団 府中市 吉村,https://x.com/search?q=%E6%97%A5%E6%9C%AC%E5%85%B1%E7%94%A3%E5%85%9A%E5%BA%9C%E4%B8%AD%E5%B8%82%E8%AD%B0%E5%9B%A3%20%E5%BA%9C%E4%B8%AD%E5%B8%82%20%E5%90%89%E6%9D%91&f=user
吉村　文明,party_search,medium,"""日本共産党府中市議団"" メンバー 吉村　文明",https://x.com/search?q=%22%E6%97%A5%E6%9C%AC%E5%85%B1%E7%94%A3%E5%85%9A%E5%BA%9C%E4%B8%AD%E5%B8%82%E8%AD%B0%E5%9B%A3%22%20%E3%83%A1%E3%83%B3%E3%83%90%E3%83%BC%20%E5%90%89%E6%9D%91%E3%80%80%E6%96%87%E6%98%8E&f=user
吉村　文明,election_search,low,吉村　文明 当選 府中市,https://x.com/search?q=%E5%90%89%E6%9D%91%E3%80%80%E6%96%87%E6%98%8E%20%E5%BD%93%E9%81%B8%20%E5%BA%9C%E4%B8%AD%E5%B8%82&f=user
吉村　文明,election_search,low,#府中市選挙 吉村　文明,https://x.com/search?q=%23%E5%BA%9C%E4%B8%AD%E5%B8%82%E9%81%B8%E6%8C%99%20%E5%90%89%E6%9D%91%E3%80%80%E6%96%87%E6%98%8E&f=user
吉村　文明,election_search,low,吉村　文明 選挙ポスター,https://x.com/search?q=%E5%90%89%E6%9D%91%E3%80%80%E6%96%87%E6%98%8E%20%E9%81%B8%E6%8C%99%E3%83%9D%E3%82%B9%E3%82%BF%E3%83%BC&f=user
田口　広,direct_search,high,"""田口　広"" 市議 -RT",https://x.com/search?q=%22%E7%94%B0%E5%8F%A3%E3%80%80%E5%BA%83%22%20%E5%B8%82%E8%AD%B0%20-RT&f=user
田口　広,direct_search,high,"""田口　広"" 府中市 議員",https://x.com/search?q=%22%E7%94%B0%E5%8F%A3%E3%80%80%E5%BA%83%22%20%E5%BA%9C%E4%B8%AD%E5%B8%82%20%E8%AD%B0%E5%93%A1&f=user
田口　広,direct_search,high,田口広 プロフィール 市議,https://x.com/search?q=%E7%94%B0%E5%8F%A3%E5%BA%83%20%E3%83%97%E3%83%AD%E3%83%95%E3%82%A3%E3%83%BC%E3%83%AB%20%E5%B8%82%E8%AD%B0&f=user
田口　広,party_search,medium,日本共産党府中市議団 府中市 田口,https://x.com/search?q=%E6%97%A5%E6%9C%AC%E5%85%B1%E7%94%A3%E5%85%9A%E5%BA%9C%E4%B8%AD%E5%B8%82%E8%AD%B0%E5%9B%A3%20%E5%BA%9C%E4%B8%AD%E5%B8%82%20%E7%94%B0%E5%8F%A3&f=user
田口　広,party_search,medium,"""日本共産党府中市議団"" メンバー 田口　広",https://x.com/search?q=%22%E6%97%A5%E6%9C%AC%E5%85%B1%E7%94%A3%E5%85%9A%E5%BA%9C%E4%B8%AD%E5%B8%82%E8%AD%B0%E5%9B%A3%22%20%E3%83%A1%E3%83%B3%E3%83%90%E3%83%BC%20%E7%94%B0%E5%8F%A3%E3%80%80%E5%BA%83&f=user
田口　広,election_search,low,田口　広 当選 府中市,https://x.com/search?q=%E7%94%B0%E5%8F%A3%E3%80%80%E5%BA%83%20%E5%BD%93%E9%81%B8%20%E5%BA%9C%E4%B8%AD%E5%B8%82&f=user
田口　広,election_search,low,#府中市選挙 田口　広,https://x.com/search?q=%23%E5%BA%9C%E4%B8%AD%E5%B8%82%E9%81%B8%E6%8C%99%20%E7%94%B0%E5%8F%A3%E3%80%80%E5%BA%83&f=user
田口　広,election_search,low,田口　広 選挙ポスター,https://x.com/search?q=%E7%94%B0%E5%8F%A3%E3%80%80%E5%BA%83%20%E9%81%B8%E6%8C%99%E3%83%9D%E3%82%B9%E3%82%BF%E3%83%BC&f=user
上條　友美,direct_search,high,"""上條　友美"" 市議 -RT",https://x.com/search?q=%22%E4%B8%8A%E6%A2%9D%E3%80%80%E5%8F%8B%E7%BE%8E%22%20%E5%B8%82%E8%AD%B0%20-RT&f=user
上條　友美,direct_search,high,"""上條　友美"" 府中市 議員",https://x.com/search?q=%22%E4%B8%8A%E6%A2%9D%E3%80%80%E5%8F%8B%E7%BE%8E%22%20%E5%BA%9C%E4%B8%AD%E5%B8%82%20%E8%AD%B0%E5%93%A1&f=user
上條　友美,direct_search,high,上條友美 プロフィール 市議,https://x.com/search?q=%E4%B8%8A%E6%A2%9D%E5%8F%8B%E7%BE%8E%20%E3%83%97%E3%83%AD%E3%83%95%E3%82%A3%E3%83%BC%E3%83%AB%20%E5%B8%82%E8%AD%B0&f=user
上條　友美,party_search,medium,日本維新の会 府中市 上條,https://x.com/search?q=%E6%97%A5%E6%9C%AC%E7%B6%AD%E6%96%B0%E3%81%AE%E4%BC%9A%20%E5%BA%9C%E4%B8%AD%E5%B8%82%20%E4%B8%8A%E6%A2%9D&f=user
上條　友美,party_search,medium,"""日本維新の会"" メンバー 上條　友美",https://x.com/search?q=%22%E6%97%A5%E6%9C%AC%E7%B6%AD%E6%96%B0%E3%81%AE%E4%BC%9A%22%20%E3%83%A1%E3%83%B3%E3%83%90%E3%83%BC%20%E4%B8%8A%E6%A2%9D%E3%80%80%E5%8F%8B%E7%BE%8E&f=user
上條　友美,election_search,low,上條　友美 当選 府中市,https://x.com/search?q=%E4%B8%8A%E6%A2%9D%E3%80%80%E5%8F%8B%E7%BE%8E%20%E5%BD%93%E9%81%B8%20%E5%BA%9C%E4%B8%AD%E5%B8%82&f=user
上條　友美,election_search,low,#府中市選挙 上條　友美,https://x.com/search?q=%23%E5%BA%9C%E4%B8%AD%E5%B8%82%E9%81%B8%E6%8C%99%20%E4%B8%8A%E6%A2%9D%E3%80%80%E5%8F%8B%E7%BE%8E&f=user
上條　友美,election_search,low,上條　友美 選挙ポスター,https://x.com/search?q=%E4%B8%8A%E6%A2%9D%E3%80%80%E5%8F%8B%E7%BE%8E%20%E9%81%B8%E6%8C%99%E3%83%9D%E3%82%B9%E3%82%BF%E3%83%BC&f=user
芳賀　亜希子,direct_search,high,"""芳賀　亜希子"" 市議 -RT",https://x.com/search?q=%22%E8%8A%B3%E8%B3%80%E3%80%80%E4%BA%9C%E5%B8%8C%E5%AD%90%22%20%E5%B8%82%E8%AD%B0%20-RT&f=user
芳賀　亜希子,direct_search,high,"""芳賀　亜希子"" 府中市 議員",https://x.com/search?q=%22%E8%8A%B3%E8%B3%80%E3%80%80%E4%BA%9C%E5%B8%8C%E5%AD%90%22%20%E5%BA%9C%E4%B8%AD%E5%B8%82%20%E8%AD%B0%E5%93%A1&f=user
芳賀　亜希子,direct_search,high,芳賀亜希子 プロフィール 市議,https://x.com/search?q=%E8%8A%B3%E8%B3%80%E4%BA%9C%E5%B8%8C%E5%AD%90%20%E3%83%97%E3%83%AD%E3%83%95%E3%82%A3%E3%83%BC%E3%83%AB%20%E5%B8%82%E8%AD%B0&f=user
芳賀　亜希子,party_search,medium,生活者ネットワーク 府中市 芳賀,https://x.com/search?q=%E7%94%9F%E6%B4%BB%E8%80%85%E3%83%8D%E3%83%83%E3%83%88%E3%83%AF%E3%83%BC%E3%82%AF%20%E5%BA%9C%E4%B8%AD%E5%B8%82%20%E8%8A%B3%E8%B3%80&f=user
芳賀　亜希子,party_search,medium,"""生活者ネットワーク"" メンバー 芳賀　亜希子",https://x.com/search?q=%22%E7%94%9F%E6%B4%BB%E8%80%85%E3%83%8D%E3%83%83%E3%83%88%E3%83%AF%E3%83%BC%E3%82%AF%22%20%E3%83%A1%E3%83%B3%E3%83%90%E3%83%BC%20%E8%8A%B3%E8%B3%80%E3%80%80%E4%BA%9C%E5%B8%8C%E5%AD%90&f=user
芳賀　亜希子,election_search,low,芳賀　亜希子 当選 府中市,https://x.com/search?q=%E8%8A%B3%E8%B3%80%E3%80%80%E4%BA%9C%E5%B8%8C%E5%AD%90%20%E5%BD%93%E9%81%B8%20%E5%BA%9C%E4%B8%AD%E5%B8%82&f=user
芳賀　亜希子,election_search,low,#府中市選挙 芳賀　亜希子,https://x.com/search?q=%23%E5%BA%9C%E4%B8%AD%E5%B8%82%E9%81%B8%E6%8C%99%20%E8%8A%B3%E8%B3%80%E3%80%80%E4%BA%9C%E5%B8%8C%E5%AD%90&f=user
芳賀　亜希子,election_search,low,芳賀　亜希子 選挙ポスター,https://x.com/search?q=%E8%8A%B3%E8%B3%80%E3%80%80%E4%BA%9C%E5%B8%8C%E5%AD%90%20%E9%81%B8%E6%8C%99%E3%83%9D%E3%82%B9%E3%82%BF%E3%83%BC&f=user
